671324
76584
181240
20542
1397166
3453305
183677
1117429
289647
19182
5638
6726952
41230
4203
92149
155378
421349
11087
12658
467108
3888261
329060
1465690
472514
89122
880047
168595
5143607
302960
1967344
800914
70673
784185
67119
259876
477353
15163
278767
2473530
586092
11248419
2249703
106818
185889
262402
3906343
31501
851098
3971573
192519
40463
200133
169189
1140084
259014
186744
1317372
324752
1128270
975501
1107225
1817487
108441
301994
95134
1060076
1129064
165879
1305903
964789
1861426
137369
148429
30825
498956
1945692
85925
1181517
144063
429028
49338
228013
291158
1117773
206506
925997
377082
131975
612392
536878
2911122
4930141
45921
2075592
13957
861601
229879
47660
43548
863259
178326
10506142
886585
75104
372703
38084
209172
1175683
320872
212390
9610834
1309486
869670
125194
1282
1621
9679
194720
177442
434171
1284704
141317
110746
2626721
3412629
1697445
867818
586298
2931978
10620522
767080
374491
152582
1280036
75888
142757
326366
4145663
17602735
1209508
242489
273648
61305
144085
250283
565642
768328
43102
207599
841327
797551
87770
1281239
9327
264441
339270
2343384
152977
362252
3869402
22939
90602
1336990
1579206
431083
1087517
604285
1029663
791687
1253567
8570264
9016203
659940
135309
1521595
534337
134039
552670
65669
983803
14737874
740251
9013
153261
78540
73308
19662224
1220101
9697134
184088
206402
894463
641688
2880218
10759505
4223758
49324
61203
160408
12827925
441658
1903
20396
94623
548400
1197901
911224
3792
15366339
225623
110208
123118
3875
4552638
4135801
80559
4383966
18037
280019
42266
459957
185664
159044
283778
2506704
55074
85155
16746
112769
726011
1322572
6694877
1652201
102878
2553049
5018302
98928
1039197
312769
621099
284133
245347

671324
76584
181240
20542
1397166
3453305
183677
1117429
289647
19182
5638
6726952
41230
4203
92149
155378
421349
11087
12658
467108
3888261
329060
1465690
472514
89122
880047
168595
5143607
302960
1967344
800914
70673
784185
67119
259876
477353
15163
278767
2473530
586092
11248419
2249703
106818
185889
262402
3906343
31501
851098
3971573
192519
40463
200133
169189
1140084
259014
186744
1317372
324752
1128270
975501
1107225
1817487
108441
301994
95134
1060076
1129064
165879
1305903
964789
1861426
137369
148429
30825
498956
1945692
85925
1181517
144063
429028
49338
228013
291158
1117773
206506
925997
377082
131975
612392
536878
2911122
4930141
45921
2075592
13957
861601
229879
47660
43548
863259
178326
10506142
886585
75104
372703
38084
209172
1175683
320872
212390
9610834
1309486
869670
125194
1282
1621
9679
194720
177442
434171
1284704
141317
110746
2626721
3412629
1697445
867818
586298
2931978
10620522
767080
374491
152582
1280036
75888
142757
326366
4145663
17602735
1209508
242489
273648
61305
144085
250283
565642
768328
43102
207599
841327
797551
87770
1281239
9327
264441
339270
2343384
152977
362252
3869402
22939
90602
1336990
1579206
431083
1087517
604285
1029663
791687
1253567
8570264
9016203
659940
135309
1521595
534337
134039
552670
65669
983803
14737874
740251
9013
153261
78540
73308
19662224
1220101
9697134
184088
206402
894463
641688
2880218
10759505
4223758
49324
61203
160408
12827925
441658
1903
20396
94623
548400
1197901
911224
3792
15366339
225623
110208
123118
3875
4552638
4135801
80559
4383966
18037
280019
42266
459957
185664
159044
283778
2506704
55074
85155
16746
112769
726011
1322572
6694877
1652201
102878
2553049
5018302
98928
1039197
312769
621099
284133
245347
